0: ASME | B36.10-2022
1: Table | 2-1
2: Dimensions and Weights (Masses) of Welded and Seamless Wrought Steel Pipe | (22)
3: Outside | Wall | Plain End
4: Identification | Schedule | Diameter, | Thickness, | Weight (Mass),
5: NPS (DN) | [Note (1)] | No. | in. (mm) | in. (mm) | lb/ft (kg/m)
6: % | (6) | 10 | 0.405 (10.29) | 0.049 (1.24) | 0.19 (0.28)
7: % | (6) | 30 | D.405 (10.29) | 0.057 (1.45) | 0.21 (0.32)
8: % | (6) | STD | 40 | D.405 (10.29) | 0.068 (1.73) | 0.24 (0.37)
9: % | (6) | XS | 80 | 0.405 (10.29) | 0.095 (2.41) | 0.31 (0.47)
10: % | (6) | 160 | D.405 (10.29) | 0.124 (3.15) | 0.37 (0.55)
11: % | (6) | xxs | 0.405 (10.29) | 0.190 (4.83) | 0.44 (0.65)
12: % (8) | 10 | 0.540 (13.72) | 0.065 (1.65) | 0.33 (0.49)
13: 1/4
14: (8) | 30 | 0.540 (13.72) | 0.073 (1.85) | 0.36 (0.54)
15: % (8) | STD | 40 | 0.540 (13.72) | 0.088 (2.24) | 0.43 (0.63)
16: 1/4
17: (8) | XS | 80 | 0.540 (13.72) | 0.119 (3.02) | 0.54 (0.80)
18: 1/4
19: (8) | 160 | 0.540 (13.72) | 0.145 (3.68) | 0.61 (0.91)
20: % (8) | xxs | 0.540 (13.72) | 0.238 (6.05) | 0.77 (1.14)
21: % | (10) | 10 | 0.675 (17.14) | 0.065 (1.65) | 0.42 (0.63)
22: % | (10) | 30 | 0.675 (17.14) | 0.073 (1.85) | 0.47 (0.70)
23: % | (10) | STD | 40 | 0.675 (17.14) | 0.091 (2.31) | 0.57 (0.84)
24: % | (10) | XS | 80 | 0.675 (17.14) | 0.126 (3.20) | 0.74 (1.10)
25: % | (10) | 160 | 0.675 (17.14) | 0.158 (4.01) | 0.87 (1.30)
26: % | (10) | xxs | 0.675 (17.14) | 0.252 (6.40) | 1.14 (1.70)
27: 1;z | (15) | 5 | 0.840 (21.34) | 0.065 (1.65) | 0.54 (0.80)
28: 1;z | (15) | 10 | 0.840 (21.34) | 0.083 (2.11) | 0.67 (1.00)
29: 1/2
30: (15) | 30 | 0.840 (21.34) | 0.095 (2.41) | 0.76 (1.13)
31: 1/2
32: (15) | STD | 40 | 0.840 (21.34) | 0.109 (2.77) | 0.85 (1.27)
33: 1;z | (15) | XS | 80 | 0.840 (21.34) | 0.147 (3.73) | 1.09 (1.62)
34: 1/2
35: (15) | 160 | 0.840 (21.34) | 0.188 (4.78) | 1.31 (1.95)
36: 1/2
37: (15) | xxs | 0.840 (21.34) | 0.294 (7.47) | 1.72 (2.56)
38: % | (20) | 5 | 1.050 (26.67) | 0.065 (1.65) | 0.68 (1.02)
39: % | (20) | 10 | 1.050 (26.67) | 0.083 (2.11) | 0.86 (1.28)
40: % | (20) | 30 | 1.050 (26.67) | 0.095 (2.41) | 0.97 (1.44)
41: % | (20) | STD | 40 | 1.050 (26.67) | 0.113 (2.87) | 1.13 (1.68)
42: % | (20) | XS | 80 | 1.050 (26.67) | 0.154 (3.91) | 1.48 (2.19)
43: % | (20) | 160 | 1.050 (26.67) | 0.219 (5.56) | 1.95 (2.89)
44: % | (20) | xxs | 1.050 (26.67) | 0.308 (7.82) | 2.44 (3.64)
45: 1 (25) | 5 | 1.315 (33.40) | 0.065 (1.65) | 0.87 (1.29)
46: 1 (25) | 10 | 1.315 (33.40) | 0.109 (2.77) | 1.41 (2.09)
47: 1 (25) | 30 | 1.315 (33.40) | 0.114 (2.90) | 1.46 (2.18)
48: 1 (25) | STD | 40 | 1.315 (33.40) | 0.133 (3.38) | 1.68 (2.50)
49: 1 (25) | XS | 80 | 1.315 (33.40) | 0.179 (4.55) | 2.17 (3.24)
50: 1 (25) | 160 | 1.315 (33.40) | 0.250 (6.35) | 2.85 (4.24)
51: 1 (25) | xxs | 1.315 (33.40) | 0.358 (9.09) | 3.66 (5.45)
52: 1 % (32) | 5 | 1.660 (42.16) | 0.065 (1.65) | 1.11 (1.65)
53: 1 % (32) | 10 | 1.660 (42.16) | 0.109 (2.77) | 1.81 (2.69)
54: 1 % (32) | 30 | 1.660 (42.16) | 0.117 (2.97) | 1.93 (2.87)
55: 1 % (32) | STD | 40 | 1.660 (42.16) | 0.140 (3.56) | 2.27 (3.39)
56: 3